   1    0 ram0 0 0 0 0 0 0 0 0 0 0 0
   1    1 ram1 0 0 0 0 0 0 0 0 0 0 0
   1    2 ram2 0 0 0 0 0 0 0 0 0 0 0
   1    3 ram3 0 0 0 0 0 0 0 0 0 0 0
   1    4 ram4 0 0 0 0 0 0 0 0 0 0 0
   1    5 ram5 0 0 0 0 0 0 0 0 0 0 0
   1    6 ram6 0 0 0 0 0 0 0 0 0 0 0
   1    7 ram7 0 0 0 0 0 0 0 0 0 0 0
   1    8 ram8 0 0 0 0 0 0 0 0 0 0 0
   1    9 ram9 0 0 0 0 0 0 0 0 0 0 0
   1   10 ram10 0 0 0 0 0 0 0 0 0 0 0
   1   11 ram11 0 0 0 0 0 0 0 0 0 0 0
   1   12 ram12 0 0 0 0 0 0 0 0 0 0 0
   1   13 ram13 0 0 0 0 0 0 0 0 0 0 0
   1   14 ram14 0 0 0 0 0 0 0 0 0 0 0
   1   15 ram15 0 0 0 0 0 0 0 0 0 0 0
   8    0 sda 102175206 18713828 3929110867 3209470073 465493340 2564681367 24288846800 1533388347 0 2843692667 447897904
   8    1 sda1 122607 6342154 22400 44800
   8    2 sda2 15425346 385290786 472909074 3783272616
   8    3 sda3 125187 991545 364485 2915880
   8    4 sda4 10 20 0 0
   8    5 sda5 105282988 3536461938 2557511825 3322743184
   8   16 sdb 9934872 3720092 634463358 22138443 11742050 46167052 439609124 1636093266 0 94564330 1658230754
   8   17 sdb1 13651567 634437306 57935345 439609098
   2    0 fd0 0 0 0 0 0 0 0 0 0 0 0
   9    0 md0 0 0 0 0 0 0 0 0 0 0 0
 253    0 dm-0 2029514 0 196439842 16755666 24753827 0 240548176 919939106 0 132836279 936697089
 253    1 dm-1 103252992 0 3340021012 3195812856 2532758157 0 20262065256 3727877179 0 2312628667 2633592273
